4365 19882418 2493
4364 19879132 3285
4363 19871732 7399
4362 19869731 2000
4361 19868560 1170
4360 19867161 1398
4359 19861890 5270
4358 19860834 1055
4357 19857088 3745
4356 19854604 2483
4355 19849227 5376
4354 19846631 2595
4353 19842897 3733
4352 19839922 2974
4351 19835738 4183
4350 19830698 5039
4349 19828378 2319
4348 19827341 1036
4347 19824932 2408
4346 19821554 3377
4345 19819006 2547
4344 19817435 1570
4343 19812239 5195
4342 19808870 3368
4341 19805614 3255
4340 19802566 3047
4339 19796287 6278
4338 19792710 3576
4337 19789535 3174
4336 19766321 23213
4335 19763826 2494
4334 19761493 2332
4333 19758943 2549
4332 19756587 2355
4331 19754245 2341
4330 19750322 3922
4329 19747626 2695
4328 19744015 3610
4327 19742434 1580
4326 19740925 1508
4325 19739425 1499
4324 19737716 1708
4323 19733996 3719
4322 19731319 2676
4321 19727206 4112
4320 19725238 1967
4319 19719771 5466
4318 19716386 3384
4317 19714563 1822
4316 19712365 2197
4315 19709203 3161
4314 19702880 6322
4313 19701123 1756
4312 19699560 1562
4311 19697526 2033
4310 19694068 3457
4309 19690537 3530
4308 19688372 2164
4307 19685584 2787
4306 19681887 3696
4305 19673049 8837
4304 19669460 3588
4303 19666164 3295
4302 19658383 7780
4301 19655608 2774
4300 19654186 1421
4299 19652159 2026
4298 19648580 3578
4297 19646152 2427
4296 19644670 1481
4295 19642962 1707
4294 19638227 4734
4293 19636736 1490
4292 19634912 1823
4291 19631512 3399
4290 19628523 2988
4289 19626944 1578
4288 19623997 2946
4287 19622234 1762
4286 19619154 3079
4285 19611404 7749
4284 19603315 8088
4283 19599407 3907
4282 19592671 6735
4281 19585814 6856
4280 19579489 6324
4279 19572570 6918
4278 19569619 2950
4277 19567586 2032
4276 19564559 3026
4275 19562343 2215
4274 19559798 2544
4273 19557161 2636
4272 19555557 1603
4271 19554133 1423
4270 19551753 2379
4269 19544387 7365
4268 19535844 8542
4267 19533331 2512
4266 19527702 5628
4265 19526255 1446
4264 19524317 1937
4263 19522602 1714
4262 19520038 2563
4261 19515156 4881
4260 19513797 1358
4259 19509808 3988
4258 19507676 2131
4257 19503653 4022
4256 19501866 1786
4255 19498626 3239
4254 19496987 1638
4253 19496081 905
4252 19495099 981
4251 19487759 7339
4250 19486314 1444
4249 19484322 1991
4248 19480577 3744
4247 19480231 345
4246 19478085 2145
4245 19474735 3349
4244 19471171 3563
4243 19461067 10103
4242 19453178 7888
4241 19447367 5810
4240 19441938 5428
4239 19439772 2165
4238 19435995 3776
4237 19423544 12450
4236 19417904 5639
4235 19409834 8069
4234 19408249 1584
4233 19405318 2930
4232 19401526 3791
4231 19387830 13695
4230 19383096 4733
4229 19377276 5819
4228 19374231 3044
4227 19368392 5838
4226 19365584 2807
4225 19362196 3387
4224 19358575 3620
4223 19351614 6960
4222 19346933 4680
4220 19336812 10120
4219 19335264 1547
4218 19332217 3046
4217 19329742 2474
4216 19327521 2220
4215 19325071 2449
4214 19311809 13261
4213 19309266 2542
4212 19306411 2854
4211 19304014 2396
4210 19302178 1835
4209 19300117 2060
4208 19298540 1576
4207 19296368 2171
4206 19286369 9998
4205 19281624 4744
4204 19273689 7934
4203 19268752 4936
4202 19259944 8807
4201 19255213 4730
4200 19252580 2632
4199 19248617 3962
4198 19246664 1952
4197 19239006 7657
4196 19232804 6201
4195 19231214 1589
4194 19226792 4421
4193 19224859 1932
4192 19223934 924
4191 19222470 1463
4190 19221618 851
4189 19220441 1176
4188 19216418 4022
4187 19205947 10470
4186 19202440 3506
4185 19199136 3303
4184 19194767 4368
4183 19190930 3836
4182 19172617 18312
4181 19164992 7624
4180 19163230 1761
4179 19161090 2139
4178 19159324 1765
4177 19157628 1695
4176 19156371 1256
4175 19154314 2056
4174 19153186 1127
4173 19151817 1368
4172 19150867 949
4171 19149020 1846
4170 19145561 3458
4169 19140582 4978
4168 19136908 3673
4167 19128730 8177
4166 19122058 6671
4165 19121079 978
4164 19118443 2635
4163 19114906 3536
4162 19108150 6755
4161 19107364 785
4160 19106266 1097
4159 19100024 6241
4158 19093773 6250
4157 19091670 2102
4156 19082644 9025
4155 19079359 3284
4154 19078408 950
4153 19071155 7252
4152 19066716 4438
4151 19059748 6967
4150 19051726 8021
4149 19050509 1216
4148 19049567 941
4147 19047147 2419
4146 19043915 3231
4145 19040284 3630
4144 19037028 3255
4143 19033586 3441
4142 19032640 945
4141 19028689 3950
4140 19027370 1318
4139 19026308 1061
4138 19024112 2195
4137 19019078 5033
4136 19015736 3341
4135 19013921 1814
4134 19010164 3756
4133 19006342 3821
4132 19003879 2462
4131 18997424 6454
4130 18989576 7847
4129 18985164 4411
4128 18982163 3000
4127 18967424 14738
4126 18961777 5646
4125 18958027 3749
4124 18955365 2661
4123 18945778 9586
4122 18936242 9535
4121 18935254 987
4120 18931236 4017
4119 18924338 6897
4118 18916354 7983
4117 18914604 1749
4116 18911679 2924
4115 18910682 996
4114 18903109 7572
4113 18895589 7519
4112 18885032 10556
4111 18882022 3009
4110 18881006 1015
4109 18878150 2855
4108 18874731 3418
4107 18868132 6598
4106 18860577 7554
4105 18858207 2369
4104 18852842 5364
4103 18844548 8293
4102 18836455 8092
4101 18832308 4146
4100 18831705 602
4099 18828951 2753
4098 18820505 8445
4097 18811972 8532
4096 18804962 7009
4095 18801757 3204
4094 18797537 4219
4093 18792770 4766
4092 18788951 3818
4091 18786596 2354
4090 18783911 2684
4089 18779360 4550
4088 18775538 3821
4087 18766544 8993
4086 18760162 6381
4085 18758409 1752
4084 18752960 5448
4083 18745920 7039
4082 18738543 7376
4081 18732899 5643
4080 18724304 8594
4079 18716146 8157
4078 18708272 7873
4077 18706948 1323
4076 18703599 3348
4075 18700137 3461
4074 18691664 8472
4073 18690103 1560
4072 18687036 3066
4071 18684984 2051
4070 18682341 2642
4069 18680895 1445
4068 18674580 6314
4067 18670931 3648
4066 18667633 3297
4065 18664847 2785
4064 18663043 1803
4063 18655047 7995
4062 18649847 5199
4061 18644406 5440
4060 18637922 6483
4059 18636240 1681
4058 18632376 3863
4057 18628024 4351
4056 18625084 2939
4055 18615864 9219
4054 18609588 6275
4053 18606682 2905
4052 18602241 4440
4051 18594591 7649
4050 18591892 2698
4049 18584512 7379
4048 18582984 1527
4047 18576497 6486
4046 18567338 9158
4045 18565050 2287
4044 18560784 4265
4043 18554445 6338
4042 18553856 588
4041 18551115 2740
4040 18550629 485
4039 18548370 2258
4038 18539467 8902
4037 18532564 6902
4036 18522696 9867
4035 18511889 10806
4034 18500286 11602
4033 18499157 1128
4032 18496540 2616
4031 18493162 3377
4030 18486135 7026
4029 18484325 1809
4028 18481548 2776
4027 18478431 3116
4026 18469665 8765
4025 18463213 6451
4024 18456244 6968
4023 18448592 7651
4022 18446095 2496
4021 18442427 3667
4020 18442267 159
4019 18438698 3568
4018 18436878 1819
4017 18435594 1283
4016 18430324 5269
4015 18425477 4846
4014 18419231 6245
4013 18408618 10612
4012 18406710 1907
4011 18403598 3111
4010 18399141 4456
4009 18396419 2721
4008 18387660 8758
4007 18379304 8355
4006 18377417 1886
4005 18375422 1994
4004 18369672 5749
4003 18368060 1611
4002 18365078 2981
4001 18360318 4759
4000 18358201 2116
3999 18346708 11492
3998 18337107 9600
3997 18327513 9593
3996 18322863 4649
3995 18319199 3663
3994 18316695 2503
3993 18313147 3547
3992 18310234 2912
3991 18306485 3748
3990 18305601 883
3989 18298961 6639
3988 18293652 5308
3987 18285410 8241
3986 18280567 4842
3985 18279643 923
3984 18273093 6549
3983 18268872 4220
3982 18266657 2214
3981 18261327 5329
3980 18258620 2706
3979 18255550 3069
3978 18236251 19298
3977 18226629 9621
3976 18223938 2690
3975 18221344 2593
3974 18213794 7549
3973 18210410 3383
3972 18208407 2002
3971 18204430 3976
3970 18195525 8904
3969 18192237 3287
3968 18186325 5911
3967 18185638 686
3966 18182983 2654
3965 18182431 551
3964 18180120 2310
3963 18178708 1411
3962 18177611 1096
3961 18176116 1494
3960 18174779 1336
3959 18171642 3136
3958 18168885 2756
3957 18166798 2086
3956 18165350 1447
3955 18164868 481
3954 18160664 4203
3953 18160259 404
3952 18157606 2652
3951 18151198 6407
3950 18150003 1194
3949 18145205 4797
3948 18144468 736
3947 18143998 469
3946 18142717 1280
3945 18139760 2956
3944 18138146 1613
3943 18134650 3495
3942 18133682 967
3941 18130181 3500
3940 18123540 6640
3939 18122333 1206
3938 18120887 1445
3937 18118359 2527
3936 18116616 1742
3935 18115612 1003
3934 18108595 7016
3933 18108323 271
3932 18103599 4723
3931 18102409 1189
3930 18100238 2170
3929 18099327 910
3928 18095620 3706
3927 18092694 2925
3926 18090950 1743
3925 18079417 11532
3924 18078740 676
3923 18076954 1785
3922 18075933 1020
3921 18075053 879
3920 18074275 777
3919 18072260 2014
3918 18060740 11519
3917 18059240 1499
3916 18054786 4453
3915 18052527 2258
3914 18051210 1316
3913 18050742 467
3912 18049438 1303
3911 18047439 1998
3910 18045883 1555
3909 18044261 1621
3908 18039377 4883
3907 18032406 6970
3906 18028977 3428
3905 18025300 3676
3904 18021470 3829
3903 18014093 7376
3902 18012796 1296
3901 18012244 551
3900 18004133 8110
3899 18002974 1158
3898 18000514 2459
3897 17999314 1199
3896 17998063 1250
3895 17997565 497
3894 17994980 2584
3893 17991890 3089
3892 17990588 1301
3891 17986708 3879
3890 17985853 854
3889 17984607 1245
3888 17980068 4538
3887 17979777 290
3886 17978800 976
3885 17976171 2628
3884 17975128 1042
3883 17973673 1454
3882 17971522 2150
3881 17970060 1461
3880 17968571 1488
3879 17968248 322
3878 17965685 2562
3877 17963092 2592
3876 17958173 4918
3875 17958000 172
3874 17955891 2108
3873 17954104 1786
3872 17949920 4183
3871 17948877 1042
3870 17944360 4516
3869 17942620 1739
3868 17941456 1163
3867 17938231 3224
3866 17936791 1439
3865 17928223 8567
3864 17906555 21667
3863 17884061 22493
3862 17839903 44157
3861 17827031 12871
3860 17806189 20841
3859 17798062 8126
3858 17785511 12550
3857 17771816 13694
3856 17762816 8999
3855 17746985 15830
3854 17735188 11796
3853 17726215 8972
3852 17718817 7397
3851 17709169 9647
3850 17707535 1633
3849 17702854 4680
3848 17699510 3343
3847 17697332 2177
3846 17693737 3594
3845 17684255 9481
3844 17677408 6846
3843 17669122 8285
3842 17667776 1345
3841 17663830 3945
3840 17657487 6342
3839 17655367 2119
3838 17647861 7505
3837 17646136 1724
3836 17639747 6388
3835 17638627 1119
3834 17636250 2376
3833 17631628 4621
3832 17630590 1037
3831 17629158 1431
3830 17621075 8082
3829 17614099 6975
3828 17613339 759
3827 17611748 1590
3826 17610638 1109
3825 17608919 1718
3824 17607217 1701
3823 17605104 2112
3822 17602718 2385
3821 17601310 1407
3820 17599837 1472
3819 17598298 1538
3818 17585404 12893
3817 17578576 6827
3816 17574662 3913
3815 17573619 1042
3814 17572299 1319
3813 17568764 3534
3812 17564779 3984
3811 17563349 1429
3810 17550577 12771
3809 17546511 4065
3808 17544776 1734
3807 17542164 2611
3806 17539265 2898
3805 17538059 1205
3804 17534031 4027
3803 17527680 6350
3802 17526386 1293
3801 17524824 1561
3800 17521278 3545
3799 17512447 8830
3798 17512148 298
3797 17507828 4319
3796 17506942 885
3795 17501450 5491
3794 17500390 1059
3793 17499120 1269
3792 17497924 1195
3791 17494800 3123
3790 17493514 1285
3789 17487624 5889
3788 17483860 3763
3787 17481628 2231
3786 17480124 1503
3785 17479638 485
3784 17477840 1797
3783 17474629 3210
3782 17466507 8121
3781 17464249 2257
3780 17463415 833
3779 17462399 1015
3778 17456487 5911
3777 17451932 4554
3776 17450620 1311
3775 17446693 3926
3774 17443893 2799
3773 17434463 9429
3772 17416781 17681
3771 17415469 1311
3770 17404692 10776
3769 17403825 866
3768 17402656 1168
3767 17396940 5715
3766 17395916 1023
3765 17394537 1378
3764 17390746 3790
3763 17387276 3469
3762 17386448 827
3761 17364730 21717
3760 17354691 10038
3759 17353358 1332
3758 17352742 615
3757 17350358 2383
3756 17348030 2327
3755 17343499 4530
3754 17330685 12813
3753 17327503 3181
3752 17323322 4180
3751 17314860 8461
3750 17312088 2771
3749 17310559 1528
3748 17287006 23552
3747 17280692 6313
3746 17274782 5909
3745 17273269 1512
3744 17266212 7056
3743 17255022 11189
3742 17229273 25748
3741 17222526 6746
3740 17209999 12526
3739 17206515 3483
3738 17202255 4259
3737 17197941 4313
3736 17178202 19738
3735 17158886 19315
3734 17155258 3627
3733 17152425 2832
3732 17150336 2088
3731 17149144 1191
3730 17143727 5416
3729 17124226 19500
3728 17116387 7838
3727 17104950 11436
3726 17101589 3360
3725 17096263 5325
3724 17091493 4769
3723 17073100 18392
3722 17069720 3379
3721 17066445 3274
3720 17062562 3882
3719 17058854 3707
3718 17055729 3124
3717 17051654 4074
3716 17046138 5515
3715 17035667 10470
3714 17031674 3992
3713 17026926 4747
3712 17022767 4158
3711 17017496 5270
3710 17008085 9410
3709 17003515 4569
3708 16987104 16410
3707 16981890 5213
3706 16980299 1590
3705 16973027 7271
3704 16965062 7964
3703 16957237 7824
3702 16949056 8180
3701 16944850 4205
3700 16932972 11877
3699 16928733 4238
3698 16925303 3429
3697 16921427 3875
3696 16917984 3442
3695 16915208 2775
3694 16910568 4639
3693 16904273 6294
3692 16900602 3670
3691 16880768 19833
3690 16876797 3970
3689 16875578 1218
3688 16870270 5307
3687 16865938 4331
3686 16861658 4279
3685 16856736 4921
3684 16852309 4426
3683 16846989 5319
3682 16841379 5609
3681 16833512 7866
3680 16826106 7405
3679 16821872 4233
3678 16816427 5444
3677 16808060 8366
3676 16799145 8914
3675 16795033 4111
3674 16790392 4640
3673 16783945 6446
3672 16777257 6687
3671 16772049 5207
3670 16767261 4787
3669 16761891 5369
3668 16757201 4689
3667 16753456 3744
3666 16742953 10502
3665 16740222 2730
3664 16734970 5251
3663 16717136 17833
3662 16711734 5401
3661 16673204 38529
3660 16665710 7493
3659 16661712 3997
3658 16653105 8606
3657 16649042 4062
3656 16646030 3011
3655 16642465 3564
3654 16638268 4196
3653 16633589 4678
3652 16627088 6500
3651 16622131 4956
3650 16617259 4871
3649 16613088 4170
3648 16610832 2255
3647 16605046 5785
3646 16602960 2085
3645 16597893 5066
3644 16594662 3230
3643 16592826 1835
3642 16589552 3273
3641 16588050 1501
3640 16587501 548
3639 16584258 3242
3638 16574930 9327
3637 16573661 1268
3636 16568450 5210
3635 16563326 5123
3634 16559843 3482
3633 16555948 3894
3632 16553414 2533
3631 16552678 735
3630 16550988 1689
3629 16547577 3410
3628 16542081 5495
3627 16537460 4620
3626 16532139 5320
3625 16528668 3470
3624 16527311 1356
3623 16523976 3334
3622 16514076 9899
3621 16513005 1070
3620 16503069 9935
3619 16496226 6842
3618 16494390 1835
3617 16490000 4389
3616 16477908 12091
3615 16476114 1793
3614 16475222 891
3613 16473488 1733
3612 16471299 2188
3611 16470551 747
3610 16469694 856
3609 16469569 124
3608 16464883 4685
3607 16464743 139
3606 16457388 7354
3605 16453021 4366
3604 16450528 2492
3603 16446295 4232
3602 16440849 5445
3601 16435474 5374
3600 16432207 3266
3599 16427463 4743
3598 16422476 4986
3597 16419900 2575
3596 16418207 1692
3595 16412790 5416
3594 16409806 2983
3593 16403919 5886
3592 16399794 4124
3591 16396150 3643
3590 16390846 5303
3589 16385574 5271
3588 16382941 2632
3587 16374252 8688
3586 16372378 1873
3585 16368339 4038
3584 16365072 3266
3583 16344617 20454
3582 16342363 2253
3581 16340667 1695
3580 16338402 2264
3579 16334624 3777
3578 16331894 2729
3577 16327434 4459
3576 16323373 4060
3575 16320286 3086
3574 16316752 3533
3573 16312215 4536
3572 16307559 4655
3571 16306311 1247
3570 16304050 2260
3569 16301357 2692
3568 16299082 2274
3567 16297180 1901
3566 16295971 1208
3565 16293056 2914
3564 16290430 2625
3563 16286301 4128
3562 16285556 744
3561 16284628 927
3560 16280237 4390
3559 16277818 2418
3558 16271782 6035
3557 16267944 3837
3556 16266110 1833
3555 16260618 5491
3554 16255963 4654
3553 16250442 5520
3552 16245312 5129
3551 16242215 3096
3550 16239763 2451
3549 16238407 1355
3548 16236956 1450
3547 16235499 1456
3546 16233509 1989
3545 16230944 2564
3544 16228918 2025
3543 16226966 1951
3542 16225300 1665
3541 16224042 1257
3540 16222469 1572
3539 16217234 5234
3538 16214975 2258
3537 16213671 1303
3536 16210749 2921
3535 16208247 2501
3534 16205051 3195
3533 16201734 3316
3532 16194533 7200
3531 16179179 15353
3530 16173814 5364
3529 16171002 2811
3528 16169086 1915
3527 16166738 2347
3526 16163698 3039
3525 16160748 2949
3524 16154708 6039
3523 16152982 1725
3522 16151503 1478
3521 16150446 1056
3520 16148879 1566
3519 16147063 1815
3518 16132596 14466
3517 16131658 937
3516 16126324 5333
3515 16112687 13636
3514 16111097 1589
3513 16106181 4915
3512 16100201 5979
3511 16097856 2344
3510 16096101 1754
3509 16093953 2147
3508 16091612 2340
3507 16089456 2155
3506 16086950 2505
3505 16085092 1857
3504 16083386 1705
3503 16078026 5359
3502 16075866 2159
3501 16071947 3918
3500 16070092 1854
3499 16069147 944
3498 16067056 2090
3497 16065030 2025
3496 16061715 3314
3495 16060038 1676
3494 16058407 1630
3493 16056489 1917
3492 16053454 3034
3491 16052172 1281
3490 16049217 2954
3489 16044594 4622
3488 16040260 4333
3487 16033803 6456
3486 16030482 3320
3485 16020485 9996
3484 16013321 7163
3483 16009260 4060
3482 15998853 10406
3481 15997412 1440
3480 15993541 3870
3479 15985084 8456
3478 15983710 1373
3477 15980146 3563
3476 15977572 2573
3475 15975002 2569
3474 15972649 2352
3473 15970704 1944
3472 15964428 6275
3471 15961289 3138
3470 15960221 1067
3469 15958803 1417
3468 15956768 2034
3467 15950758 6009
3466 15948695 2062
3465 15946776 1918
3464 15943401 3374
3463 15941194 2206
3462 15939461 1732
3461 15938082 1378
3460 15930295 7786
3459 15923679 6615
3458 15921185 2493
3457 15916042 5142
3456 15914738 1303
3455 15913650 1087
3454 15903495 10154
3453 15901423 2071
3452 15898299 3123
3451 15897866 432
3450 15894110 3755
3449 15863412 30697
3448 15847117 16294
3447 15835814 11302
3446 15811268 24545
3445 15808306 2961
3444 15804616 3689
3443 15800270 4345
3442 15795805 4464
3441 15792755 3049
3440 15790843 1911
3439 15787390 3452
3438 15781532 5857
3437 15778318 3213
3436 15775387 2930
3435 15765543 9843
3434 15747732 17810
3433 15746542 1189
3432 15744125 2416
3431 15737867 6257
3430 15735144 2722
3429 15726945 8198
3428 15724225 2719
3427 15719263 4961
3426 15716682 2580
3425 15712358 4323
3424 15708819 3538
3423 15706251 2567
3422 15703902 2348
3421 15701260 2641
3420 15698091 3168
3419 15697822 268
3418 15690679 7142
3417 15686284 4394
3416 15685354 929
3415 15682576 2777
3414 15672652 9923
3413 15668882 3769
3412 15665014 3867
3411 15659179 5834
3410 15658895 283
3409 15654423 4471
3408 15652080 2342
3407 15649778 2301
3406 15647241 2536
3405 15644819 2421
3404 15641842 2976
3403 15638072 3769
3402 15634204 3867
3401 15629732 4471
3400 15627676 2055
3399 15625932 1743
3398 15624051 1880
3397 15621913 2137
3396 15618622 3290
3395 15616048 2573
3394 15614087 1960
3393 15612288 1798
3392 15610127 2160
3391 15607941 2185
3390 15606040 1900
3389 15603213 2826
3388 15600306 2906
3387 15598145 2160
3386 15596346 1798
3385 15594385 1960
3384 15591357 3027
3383 15589171 2185
3382 15585730 3440
3381 15583910 1819
3380 15582008 1901
3379 15579257 2750
3378 15577377 1879
3377 15569474 7902
3376 15555943 13530
3375 15553155 2787
3374 15549329 3825
3373 15547010 2318
3372 15546741 268
3371 15544150 2590
3370 15537870 6279
3369 15521696 16173
3368 15517826 3869
3367 15515332 2493
3366 15510437 4894
3365 15497916 12520
3364 15493903 4012
3363 15486248 7654
3362 15485674 573
3361 15482783 2890
3360 15478383 4399
3359 15470635 7747
3358 15461850 8784
3357 15460319 1530
3356 15458714 1604
3355 15457180 1533
3354 15456632 547
3353 15455489 1142
3352 15452447 3041
3351 15450893 1553
3350 15445922 4970
3349 15445180 741
3348 15444537 642
3347 15442166 2370
3346 15440941 1224
3345 15440167 773
3344 15436541 3625
3343 15434013 2527
3342 15427589 6423
3341 15427083 505
3340 15423234 3848
3339 15421967 1266
3338 15420730 1236
3337 15418619 2110
3336 15416649 1969
3335 15415349 1299
3334 15413818 1530
3333 15410614 3203
3332 15407122 3491
3331 15406033 1088
3330 15402235 3797
3329 15401130 1104
3328 15400781 348
3327 15399975 805
3326 15377926 22048
3325 15375614 2311
3324 15373515 2098
3323 15369914 3600
3322 15360961 8952
3321 15359763 1197
3319 15357201 2561
3318 15354900 2300
3317 15352767 2132
3316 15351511 1255
3315 15345855 5655
3314 15326870 18984
3313 15319702 7167
3312 15319418 283
3311 15316341 3076
3310 15313802 2538
3309 15312917 884
3308 15309421 3495
3307 15279015 30405
3306 15278208 806
3305 15275954 2253
3304 15266081 9872
3303 15265706 374
3302 15265083 622
3301 15263126 1956
3300 15262028 1097
3299 15257483 4544
3298 15255029 2453
3297 15251027 4001
3296 15247758 3268
3295 15242839 4918
3294 15241271 1567
3293 15238993 2277
3292 15238423 569
3291 15237519 903
3290 15217882 19636
3289 15187616 30265
3288 15178331 9284
3287 15170976 7354
3286 15166808 4167
3285 15138218 28589
3284 15138034 183
3283 15134234 3799
3282 15114130 20103
3281 15113488 641
3280 15112605 882
3279 15109682 2922
3278 15106968 2713
3277 15102906 4061
3276 15101145 1760
3275 15087261 13883
3274 15084398 2862
3273 15081897 2500
3272 15081513 383
1493 8032305 183
1492 8017158 15146
1491 8010220 6937
1490 7998616 11603
1489 7998449 166
1488 7988307 10141
1486 7988096 210
1485 7981095 7000
1484 7976038 5056
1483 7970531 5506
1482 7970369 161
1481 7963378 6990
1480 7947887 15490
1479 7947726 160
1478 7925301 22424
1477 7916968 8332
1476 7909502 7465
1475 7899502 9999
1474 7893841 5660
1473 7890572 3268
1472 7887884 2687
1471 7879924 7959
1470 7879737 186
1469 7863093 16643
1468 7857404 5688
1467 7852704 4699
1466 7847282 5421
1465 7843385 3896
1464 7839143 4241
1463 7834372 4770
1462 7828383 5988
1461 7825129 3253
1460 7820854 4274
1459 7815184 5669
1458 7815025 158
1457 7808063 6961
1456 7807906 156
1455 7796125 11780
1454 7795977 147
1453 7786085 9891
1452 7785895 189
1451 7779436 6458
1450 7779224 211
1449 7775996 3227
1448 7775825 170
1447 7761071 14753
1446 7743965 17105
1445 7743746 218
1444 7736752 6993
1443 7731553 5198
1442 7725997 5555
1441 7725835 161
1440 7718848 6986
1439 7702242 16605
1438 7694060 8181
1437 7686610 7449
1436 7676621 9988
1435 7671196 5424
1434 7667691 3504
1433 7667506 184
1432 7656971 10534
1431 7651279 5691
1430 7645260 6018
1428 7645118 141
1426 7644983 134
1425 7629449 15533
1424 7629295 153
1423 7625123 4171
1422 7624921 201
1421 7624726 194
1420 7617992 6733
1419 7606198 11793
1418 7606050 147
1417 7597011 9038
1416 7596833 177
1415 7596680 152
1414 7596530 149
1413 7596303 226
1412 7589577 6725
1411 7584325 5251
1410 7578751 5573
1409 7578577 173
1408 7578411 165
1407 7571713 6697
1406 7556158 15554
1405 7555998 159
1404 7538692 17305
1403 7530538 8153
1402 7523087 7450
1401 7513102 9984
1400 7507657 5444
1399 7504108 3548
1397 7503909 198
1396 7503774 134
1395 7503565 208
1394 7496859 6705
1393 7485135 11723
1392 7484987 147
1391 7475265 9721
1390 7475075 189
1389 7468376 6698
1388 7464796 3579
1387 7459664 5131
1386 7454167 5496
1385 7453999 167
1384 7447187 6811
1383 7447024 162
1382 7437008 10015
1381 7431323 5684
1380 7431158 164
1379 7415688 15469
1378 7415540 147
1377 7391247 24292
1376 7383026 8220
1375 7375611 7414
1374 7365662 9948
1373 7360052 5609
1372 7356253 3798
1371 7348318 7934
1370 7344961 3356
1369 7344774 186
1368 7327608 17165
1367 7322603 5004
1366 7317606 4996
1365 7310262 7343
1364 7306716 3545
1363 7302297 4418
1362 7297646 4650
1361 7290046 7599
1360 7286237 3808
1359 7280084 6152
1358 7274276 5807
1357 7267592 6683
1356 7255890 11701
1355 7255708 181
1354 7255546 161
1353 7246241 9304
1352 7246033 207
1351 7239287 6745
1350 7239099 187
1349 7222840 16258
1348 7222679 160
1347 7216015 6663
1346 7215853 161
1345 7215682 170
1344 7210511 5170
1343 7205003 5507
1342 7204823 179
1341 7204639 183
1340 7195536 9102
1339 7180069 15466
1338 7179909 159
1337 7173256 6652
1336 7156326 16929
1335 7148157 8168
1334 7140824 7332
1333 7130866 9957
1332 7125457 5408
1331 7121841 3615
1327 7121674 166
1326 7118606 3067
1325 7118460 145
1324 7111793 6666
1323 7100116 11676
1322 7099968 147
1321 7091137 8830
1320 7090956 180
1319 7081766 9189
1318 7081566 199
1317 7074910 6655
1316 7069832 5077
1315 7064305 5526
1314 7064131 173
1313 7057467 6663
1312 7041999 15467
1311 7041845 153
1310 7024426 17418
1309 7016270 8155
1308 7008906 7363
1307 6998958 9947
1306 6993722 5235
1305 6990127 3594
1302 6989986 140
1301 6989817 168
1300 6983118 6698
1299 6971466 11651
1296 6971298 167
1295 6959467 11830
1294 6950379 9087
1293 6950189 189
1292 6943395 6793
1291 6936722 6672
1290 6931559 5162
1289 6926067 5491
1288 6925909 157
1287 6902511 23397
1286 6894195 8315
1285 6886797 7397
1284 6876836 9960
1283 6871465 5370
1282 6867855 3609
1281 6859885 7969
1280 6856549 3335
1279 6856359 189
1278 6840880 15478
1277 6840720 159
1276 6823596 17123
1273 6823436 159
1269 6823261 174
1268 6823098 162
1267 6822917 180
1266 6822754 162
1265 6816069 6684
1264 6804432 11636
1263 6804291 140
1262 6797534 6756
1261 6797346 187
1260 6781246 16099
1259 6781098 147
1258 6771808 9289
1257 6771555 252
1256 6764847 6707
1255 6759665 5181
1254 6754168 5496
1253 6753984 183
1252 6747278 6705
1251 6731849 15428
1250 6731688 160
1249 6714751 16936
1248 6706539 8211
1247 6699188 7350
1246 6689234 9953
1245 6684049 5184
1244 6680341 3707
1243 6680181 159
1241 6680021 159
1240 6679835 185
1239 6673134 6700
1238 6661493 11640
1237 6661334 158
1236 6651547 9786
1235 6651356 190
1234 6644657 6698
1233 6639539 5117
1232 6634141 5397
1231 6633978 162
1230 6628541 5436
1229 6628393 147
1228 6621685 6707
1227 6606286 15398
1226 6606125 160
1225 6589426 16698
1224 6581063 8362
1223 6573667 7395
1222 6563693 9973
1221 6558502 5190
1220 6554850 3651
1219 6554690 159
1218 6554524 165
1217 6554364 159
1216 6554178 185
1215 6549257 4920
1214 6549109 147
1213 6534925 14183
1212 6521046 13878
1211 6514338 6707
1210 6502640 11697
1209 6502493 146
1208 6487481 15011
1207 6477432 10048
1206 6477241 190
1205 6473683 3557
1204 6470802 2880
1203 6467387 3414
1202 6460672 6714
1201 6457254 3417
1200 6452167 5086
1199 6446787 5379
1198 6446618 168
1197 6439898 6719
1196 6424508 15389
1195 6424346 161
1194 6399890 24455
1193 6391598 8291
1192 6384216 7381
1191 6373832 10383
1190 6368481 5350
1189 6364745 3735
1188 6356868 7876
1187 6353760 3107
1186 6353585 174
1185 6336444 17140
1184 6331977 4466
1183 6327015 4961
1182 6318878 8136
1181 6314724 4153
1180 6307900 6823
1179 6302965 4934
1178 6296718 6246
1177 6292853 3864
1176 6286331 6521
1175 6281082 5248
1174 6274373 6708
1173 6262721 11651
1172 6262554 166
1171 6253081 9472
1170 6252918 162
1169 6246116 6801
1168 6245935 180
1167 6239206 6728
1166 6233979 5226
1165 6228625 5353
1164 6228454 170
1163 6228265 188
1162 6221386 6878
1161 6127176 94209
1160 6127018 157
1159 6120640 6377
1158 6113116 7523
1157 6104340 8775
1156 6098994 5345
1155 6088722 10271
1154 6033685 55036
1153 6033473 211
1152 6023504 9968
1151 6023335 168
1150 5995102 28232
1149 5994888 213
1148 5994743 144
1147 5993064 1678
1145 5992832 231
1144 5992660 171
1143 5979363 13296
1142 5965350 14012
1141 5965189 160
1140 5964924 264
1139 5964681 242
1138 5964519 161
1137 5936289 28229
1136 5842452 93836
1135 5842260 191
1134 5800081 42178
1133 5782957 17123
1132 5770779 12177
1131 5753965 16813
1130 5743962 10002
1129 5740303 3658
1128 5740116 186
1125 5739967 148
1124 5711734 28232
1123 5681779 29954
1122 5681630 148
1121 5656604 25025
1120 5656408 195
1119 5628148 28259
1118 5614990 13157
1117 5600917 14072
1116 5600736 180
1115 5572486 28249
1114 5478298 94187
1113 5478107 190
1112 5414303 63803
1111 5391924 22378
1110 5379634 12289
1109 5362841 16792
1108 5349908 12932
1107 5345852 4055
1106 5329631 16220
1105 5326873 2757
1104 5326686 186
1103 5322226 4459
1102 5318846 3379
1101 5313359 5486
1100 5309598 3760
1099 5303073 6524
1098 5299077 3995
1097 5294861 4215
1096 5291476 3384
1095 5285994 5481
1094 5281850 4143
1093 5259857 21992
1092 5253150 6706
1091 5223075 30074
1090 5222913 161
1089 5222603 309
1088 5197582 25020
1087 5197391 190
1086 5183710 13680
1085 5183520 189
1084 5167996 15523
1083 5167846 149
1082 5139612 28233
1081 5126347 13264
1080 5112362 13984
1079 5112200 161
1078 5103946 8253
1077 5097927 6018
1076 5095499 2427
1075 5086119 9379
1074 5078352 7766
1073 5067456 10895
1072 5052453 15002
1071 5050227 2225
1070 5047882 2344
1069 5014570 33311
1068 5014429 140
1067 5010583 3845
1065 5010382 200
1064 4998098 12283
1063 4969868 28229
1062 4954387 15480
1061 4954227 159
1060 4910791 43435
1059 4888349 22441
1058 4876178 12170
1057 4859375 16802
1056 4846749 12625
1055 4842687 4061
1052 4842540 146
1051 4842355 184
1050 4840295 2059
1049 4836559 3735
1048 4834969 1589
1047 4825431 9537
1046 4819057 6373
1045 4812476 6580
1044 4811009 1466
1043 4788378 22630
1042 4787368 1009
1041 4785642 1725
1040 4779782 5859
1039 4774465 5316
1038 4762642 11822
1036 4762495 146
1035 4762303 191
1034 4760198 2104
1033 4759245 952
1032 4758072 1172
1031 4755377 2694
1030 4751788 3588
1029 4748969 2818
1028 4741218 7750
1027 4740759 458
1026 4740037 721
1025 4735284 4752
1024 4734108 1175
1023 4730650 3457
1022 4727203 3446
1021 4720733 6469
1020 4716640 4092
1019 4701587 15052
1018 4700602 984
1017 4696880 3721
1016 4692787 4092
1015 4691172 1614
1014 4690260 911
1013 4688655 1604
1012 4678944 9710
1011 4675494 3449
1010 4668014 7479
1009 4659885 8128
1008 4657050 2834
1007 4655254 1795
1006 4653596 1657
1005 4652234 1361
1004 4647297 4936
1003 4645405 1891
1002 4645272 132
1001 4643928 1343
1000 4634601 9326
999 4631881 2719
998 4628232 3648
997 4625717 2514
996 4619602 6114
995 4616213 3388
994 4612574 3638
993 4604641 7932
992 4601375 3265
991 4586137 15237
990 4583627 2509
989 4580207 3419
988 4578609 1597
987 4577085 1523
986 4575626 1458
985 4574247 1378
984 4572462 1784
983 4570180 2281
982 4568261 1918
981 4566306 1954
980 4563304 3001
979 4557835 5468
978 4547888 9946
977 4542988 4899
976 4541800 1187
975 4535858 5941
974 4535667 190
973 4535521 145
972 4535353 167
971 4535219 133
970 4535012 206
969 4534830 181
968 4534684 145
967 4527011 7672
966 4517016 9994
965 4511234 5781
964 4504767 6466
963 4502729 2037
962 4491067 11661
961 4481898 9168
960 4475727 6170
959 4468888 6838
958 4465834 3053
957 4463367 2466
956 4458167 5199
955 4456885 1281
954 4455824 1060
953 4441263 14560
952 4439994 1268
951 4434719 5274
950 4432196 2522
949 4431009 1186
948 4426305 4703
947 4424379 1925
946 4421573 2805
945 4416325 5247
944 4412402 3922
943 4381518 30883
942 4378807 2710
941 4375147 3659
940 4370752 4394
939 4364221 6530
938 4359050 5170
937 4351769 7280
936 4350837 931
935 4350676 160
934 4347249 3426
933 4344927 2321
932 4343006 1920
931 4340659 2346
930 4339361 1297
929 4338269 1091
928 4337204 1064
927 4333362 3841
926 4332022 1339
925 4328952 3069
924 4327545 1406
923 4325761 1783
922 4323387 2373
921 4310835 12551
920 4306271 4563
919 4298959 7311
918 4297537 1421
917 4295812 1724
916 4293604 2207
915 4292030 1573
914 4289220 2809
913 4269179 20040
912 4266195 2983
911 4263793 2401
910 4258645 5147
909 4255863 2781
908 4253719 2143
907 4252493 1225
906 4251502 990
905 4249198 2303
904 4248019 1178
903 4236434 11584
902 4230351 6082
901 4225386 4964
900 4224842 543
899 4223487 1354
898 4221094 2392
897 4218906 2187
896 4217738 1167
895 4210304 7433
894 4208608 1695
893 4206839 1768
892 4205930 908
891 4200186 5743
890 4197586 2599
889 4196817 768
888 4195786 1030
887 4193757 2028
886 4191034 2722
885 4186608 4425
884 4180781 5826
883 4175388 5392
882 4172500 2887
881 4168177 4322
880 4165698 2478
879 4164601 1096
878 4163101 1499
877 4160586 2514
876 4159932 653
875 4155558 4373
874 4154296 1261
873 4148620 5675
872 4146441 2178
871 4143600 2840
870 4134468 9131
869 4131222 3245
868 4130619 602
867 4129148 1470
866 4125586 3561
865 4120134 5451
864 4118341 1792
863 4111025 7315
862 4101994 9030
861 4096954 5039
860 4094148 2805
859 4087874 6273
858 4087124 749
857 4086015 1108
856 4085116 898
855 4078514 6601
854 4077569 944
853 4071288 6280
852 4068210 3077
851 4066252 1957
850 4066130 121
845 4065981 148
844 4065824 156
843 4065662 161
842 4065498 163
841 4065328 169
840 4065161 166
839 4064997 163
834 4064830 166
833 4064668 161
832 4064527 140
831 4064359 167
830 4064209 149
829 4064039 169
827 4063911 127
826 4063749 161
824 4063587 161
823 4063426 160
822 4063283 142
821 4063134 148
818 4062987 146
817 4062815 171
816 4062665 149
815 4062512 152
814 4062381 130
813 4062255 125
812 4062112 142
811 4061951 160
810 4061781 169
809 4061614 166
808 4061446 167
807 4061278 167
806 4061109 168
803 4060945 163
802 4060802 142
801 4060659 142
800 4059231 1427
799 4037461 21769
798 4032799 4661
797 4030531 2267
796 4028074 2456
795 4023314 4759
794 4018302 5011
793 4013637 4664
792 4008907 4729
791 4004579 4327
790 4001021 3557
789 3995035 5985
788 3989121 5913
787 3983120 6000
786 3977955 5164
785 3972806 5148
784 3965796 7009
783 3956035 9760
782 3934537 21497
781 3926871 7665
780 3924634 2236
779 3920718 3915
778 3916976 3741
777 3913420 3555
776 3904041 9378
775 3897366 6674
774 3889143 8222
773 3884513 4629
772 3881739 2773
771 3879272 2466
770 3875751 3520
769 3871158 4592
768 3867442 3715
767 3852485 14956
766 3849430 3054
765 3846977 2452
764 3845040 1936
763 3839751 5288
762 3837648 2102
761 3834245 3402
760 3829657 4587
759 3816761 12895
758 3812939 3821
757 3798469 14469
756 3794960 3508
755 3792445 2514
754 3790867 1577
753 3788704 2162
752 3785406 3297
751 3780369 5036
750 3763420 16948
749 3760981 2438
748 3758220 2760
747 3754129 4090
746 3750445 3683
745 3746489 3955
744 3724337 22151
743 3701969 22367
742 3699817 2151
741 3694683 5133
740 3690333 4349
739 3687651 2681
738 3683173 4477
737 3679136 4036
736 3677272 1863
735 3673666 3605
734 3669059 4606
733 3661875 7183
732 3655452 6422
731 3653138 2313
730 3650799 2338
729 3645574 5224
728 3641495 4078
727 3624072 17422
726 3621351 2720
725 3618883 2467
724 3615737 3145
723 3613495 2241
722 3606120 7374
721 3603895 2224
718 3591555 12339
717 3585381 6173
716 3583359 2021
715 3576069 7289
714 3571256 4812
713 3566519 4736
712 3553595 12923
711 3551131 2463
337 1299365 15692
336 1294091 5273
335 1289440 4650
334 1287506 1933
333 1263577 23928
332 1260273 3303
331 1256327 3945
330 1252178 4148
329 1247167 5010
328 1242258 4908
327 1237331 4926
326 1235339 1991
325 1211036 24302
324 1206574 4461
323 1203192 3381
322 1197703 5488
321 1193940 3762
320 1187413 6526
319 1183415 3997
318 1179197 4217
317 1175810 3386
316 1170326 5483
315 1166180 4145
314 1161667 4512
313 1156705 4961
312 1153342 3362
311 1142028 11313
310 1137262 4765
309 1129250 8011
308 1120422 8827
307 1106234 14187
306 1093948 12285
305 1091964 1983
304 1075189 16774
303 1071010 4178
302 1067054 3955
301 1063100 3953
300 1061979 1120
299 1059938 2040
298 1058288 1649
297 1056540 1747
296 1054462 2077
295 1052506 1955
294 1044854 7651
293 1043479 1374
292 1041840 1638
291 1038733 3106
290 1031382 7350
289 1016339 15042
288 1014594 1744
287 1012951 1642
286 1010599 2351
285 1009672 926
284 1008061 1610
283 1005896 2164
282 1004198 1697
281 996352 7845
280 993432 2919
279 990099 3332
278 983977 6121
277 980462 3514
276 971408 9053
275 968810 2597
274 966969 1840
273 957656 9312
272 955007 2648
271 953370 1636
270 948797 4572
269 947033 1763
268 945467 1565
267 944500 966
266 942902 1597
265 938201 4700
264 936963 1237
263 935094 1868
262 932246 2847
261 929760 2485
260 925192 4567
259 922206 2985
258 919939 2266
257 913007 6931
256 910351 2655
255 906750 3600
254 904330 2419
253 899598 4731
252 897994 1603
251 890744 7249
250 888542 2201
249 886936 1605
248 886126 809
247 885247 878
246 882813 2433
245 874749 8063
244 872275 2473
243 866815 5459
242 864432 2382
241 862610 1821
240 861718 891
239 860582 1135
238 855292 5289
237 853973 1318
236 848572 5400
235 841001 7570
234 836873 4127
233 833847 3025
231 829896 3950
230 829546 349
229 828848 697
228 827494 1353
227 826790 703
226 825238 1551
225 823138 2099
224 820590 2547
223 817689 2900
222 815750 1938
221 814458 1291
220 808080 6377
219 793147 14932
218 790937 2209
217 787283 3653
216 780855 6427
215 773760 7094
214 771795 1964
213 769780 2014
212 766409 3370
211 757419 8989
210 753779 3639
209 749324 4454
208 738100 11223
207 737624 475
206 737250 373
205 729709 7540
204 726884 2824
203 723704 3179
202 721740 1963
201 718095 3644
200 716762 1332
199 707876 8885
198 707202 673
197 702866 4335
196 701452 1413
195 693417 8034
194 688183 5233
193 687533 649
192 681495 6037
191 680606 888
190 664933 15672
189 659278 5654
188 658523 754
187 652284 6238
186 644307 7976
185 643404 902
184 631838 11565
183 627552 4285
182 623702 3849
181 620446 3255
180 606301 14144
179 602638 3662
178 594573 8064
177 592918 1654
176 589834 3083
175 586935 2898
174 581597 5337
173 579406 2190
172 570492 8913
171 566055 4436
170 561081 4973
169 557029 4051
168 549022 8006
167 536495 12526
78 165692 1527
77 163192 2499
76 161553 1638
75 160867 685
74 159481 1385
73 157657 1823
72 155415 2241
71 154396 1018
70 151866 2529
69 151094 771
68 150027 1066
67 149548 478
66 145785 3762
65 142626 3158
64 140870 1755
63 137784 3085
62 135868 1915
3271 15078197 3315
61 133682 2185
3270 15076140 2056
60 131791 1890
3269 15072791 3348
59 129871 1919
3268 15069283 3507
58 126545 3325
3267 15065757 3525
57 125632 912
3266 15056764 8992
56 124589 1042
3265 15036746 20017
55 122766 1822
3264 15035014 1731
54 121236 1529
3263 15032275 2738
53 118837 2398
3262 15029712 2562
52 115965 2871
3261 15027706 2005
51 114624 1340
3260 15024982 2723
50 112914 1709
3259 15024291 690
49 110456 2457
3258 15010373 13917
48 107997 2458
3257 15003986 6386
47 106500 1496
3256 14988454 15531
46 104736 1763
3255 14987375 1078
45 103693 1042
3254 14986473 901
44 102484 1208
3253 14983698 2774
43 98485 3998
3252 14983523 174
1535 8276175 164
42 95103 3381
3251 14981945 1577
1534 8269209 6965
41 94315 787
3250 14979595 2349
1533 8265791 3417
40 87936 6378
3249 14977714 1880
1532 8265630 160
39 84700 3235
3248 14974991 2722
1531 8255451 10178
38 83865 834
3247 14971927 3063
1530 8255244 206
37 82285 1579
3246 14970015 1911
1509 8105508 5374
16 21694 2584
3225 14897825 3251
1508 8105331 176
15 19785 1908
3224 14894052 3772
1507 8102349 2981
14 18827 957
3223 14891080 2971
1506 8095396 6952
13 17510 1316
3222 14885794 5285
1505 8080013 15382
12 16417 1092
3221 14882564 3229
1504 8079846 166
11 15555 861
3220 14876352 6211
1503 8063769 16076
10 14443 1111
3219 14872994 3357
1502 8056142 7626
9 12741 1701
3218 14871694 1299
1501 8049374 6767
8 10423 2317
3217 14869647 2046
1500 8040237 9136
7 9469 953
3216 14869173 473
1495 8032676 198
2 2775 2663
3211 14859655 494
1494 8032489 186
1 0 2774
3210 14859021 633
710 3548281 2849
1496 8032875 192
3 5439 1207
3212 14860150 532
4 6647 1063
3213 14860683 1302
1498 8033068 2470
5 7711 818
3214 14861986 3485
1499 8035539 4697
6 8530 938
3215 14865472 3700
1510 8110883 5213
17 24279 1234
3226 14901077 3000
1511 8116097 6961
18 25514 2701
3227 14904078 2062
1512 8123059 167
19 28216 2777
3228 14906141 1896
1513 8123227 150
20 30994 2958
3229 14908038 3159
1514 8123378 237
21 33953 1021
3230 14911198 3738
1515 8123616 9383
22 34975 3586
3231 14914937 172
1516 8133000 181
23 38562 2504
3232 14915110 1903
1517 8133182 56382
24 41067 4255
3233 14917014 2132
1518 8189565 6963
25 45323 3291
3234 14919147 3769
1519 8196529 172
26 48615 5842
3235 14922917 3760
1520 8196702 15538
27 54458 3260
3236 14926678 3583
1521 8212241 199
28 57719 881
3237 14930262 11113
1522 8212441 5688
29 58601 2288
3238 14941376 10035
1523 8218130 7001
30 60890 4588
3239 14951412 2012
1524 8225132 155
31 65479 2273
3240 14953425 3785
1525 8225288 4927
32 67753 755
3241 14957211 3409
1526 8230216 4895
33 68509 5766
3242 14960621 4179
1527 8235112 7002
34 74276 1195
3243 14964801 1478
1528 8242115 169
35 75472 5976
3244 14966280 1419
1529 8242285 12958
36 81449 835
3245 14967700 2314
79 167220 2247
80 169468 2350
81 171819 2210
82 174030 1028
83 175059 2481
84 177541 1387
85 178929 4147
86 183077 2070
87 185148 1751
88 186900 2210
89 189111 4174
90 193286 498
91 193785 791
92 194577 2525
93 197103 4200
94 201304 3519
95 204824 865
96 205690 4041
97 209732 3475
98 213208 1182
99 214391 2356
100 216748 2616
101 219365 3719
102 223085 2387
103 225473 2012
104 227486 2482
105 229969 3408
106 233378 2434
107 235813 2489
108 238303 20238
109 258542 8369
110 266912 4342
111 271255 4446
112 275702 4115
113 279818 1505
114 281324 4457
115 285782 1335
116 287118 1153
117 288272 1451
118 289724 7399
119 297124 2151
120 299276 17998
121 317275 8851
122 326127 5648
123 331776 3996
124 335773 3533
125 339307 2025
126 341333 16345
127 357679 4432
128 362112 1125
129 363238 1899
130 365138 1325
131 366464 8148
132 374613 5144
133 379758 6816
134 386575 1901
135 388477 8177
136 396655 7534
137 404190 8478
138 412669 4950
139 417620 6717
140 424338 15064
141 439403 7514
142 446918 5054
143 451973 1342
144 453316 1543
145 454860 2125
146 456986 1319
147 458306 790
148 459097 6344
149 465442 2105
150 467548 8270
151 475819 4196
152 480016 1849
153 481866 5210
154 487077 5442
155 492520 9089
156 501610 4665
157 506276 9498
158 515775 3745
159 519521 1046
160 520568 1398
161 521967 1331
162 523299 9052
163 532352 269
164 532622 1701
165 534324 741
166 535066 1428
338 1315058 10273
339 1325332 1834
340 1327167 5066
341 1332234 5609
342 1337844 3198
343 1341043 6380
344 1347424 7304
345 1354729 5250
346 1359980 6523
347 1366504 3866
348 1370371 6248
349 1376620 4936
350 1381557 6825
351 1388383 4155
352 1392539 8138
353 1400678 4963
354 1405642 4468
355 1410111 33844
356 1443956 1916
357 1445873 4377
358 1450251 5734
359 1455986 4122
360 1460109 2206
361 1462316 21278
362 1483595 5138
363 1488734 4717
364 1493452 4338
365 1497791 2163
366 1499955 4490
367 1504446 4234
368 1508681 5567
369 1514249 4293
370 1518543 22370
371 1540914 4647
372 1545562 3880
373 1549443 5051
374 1554495 2085
375 1556581 4520
376 1561102 5340
377 1566443 5470
378 1571914 3078
379 1574993 5099
380 1580093 5560
381 1585654 6170
382 1591825 3432
383 1595258 5158
384 1600417 4704
385 1605122 4783
386 1609906 3708
387 1613615 6807
388 1620423 4791
389 1625215 4429
390 1629645 2253
391 1631899 24866
392 1656766 4736
393 1661503 5008
394 1666512 9408
395 1675921 10259
396 1686181 4122
397 1690304 4290
398 1694595 3885
399 1698481 5888
400 1704370 24192
401 1728563 2274
402 1730838 5111
403 1735950 5124
404 1741075 5395
405 1746471 3916
406 1750388 3249
407 1753638 3791
408 1757430 4558
409 1761989 4856
410 1766846 18929
411 1785776 2294
412 1788071 4675
413 1792747 7961
414 1800709 7873
415 1808583 2796
416 1811380 5026
417 1816407 7485
418 1823893 5058
419 1828952 5809
420 1834762 6154
421 1840917 3810
422 1844728 7601
423 1852330 4652
424 1856983 4420
425 1861404 3547
426 1864952 7345
427 1872298 4998
428 1877297 5006
429 1882304 23696
430 1906001 2259
431 1908261 3758
432 1912020 6672
433 1918693 4685
434 1923379 4896
435 1928276 3425
436 1931702 15483
437 1947186 4733
438 1951920 3987
439 1955908 4037
440 1959946 2100
441 1962047 4561
442 1966609 8994
443 1975604 4081
444 1979686 4477
445 1984164 4518
446 1988683 2978
447 1991662 8929
448 2000592 8169
449 2008762 2327
450 2011090 3698
451 2014789 5148
452 2019938 5128
453 2025067 4841
454 2029909 18907
455 2048817 4729
456 2053547 6334
457 2059882 2682
458 2062565 3386
459 2065952 5162
460 2071115 2761
461 2073877 10924
462 2084802 4432
463 2089235 5671
464 2094907 4276
465 2099184 3255
466 2102440 5990
467 2108431 4772
468 2113204 4243
469 2117448 3898
470 2121347 5423
471 2126771 4701
472 2131473 5690
473 2137164 22294
474 2159459 2483
475 2161943 4452
476 2166396 4320
477 2170717 5195
478 2175913 2540
479 2178454 4311
480 2182766 3658
481 2186425 4286
482 2190712 6172
483 2196885 26815
484 2223701 2475
485 2226177 5278
486 2231456 169
488 2231626 5100
489 2236727 15938
490 2252666 2118
491 2254785 2480
492 2257266 4045
493 2261312 3127
494 2264440 4126
495 2268567 3555
496 2272123 10946
497 2283070 10393
498 2293464 5435
499 2298900 13056
500 2311957 4733
501 2316691 5660
502 2322352 7533
503 2329886 7770
504 2337657 5314
505 2342972 7407
506 2350380 4422
507 2354803 3471
508 2358275 4399
509 2362675 6626
510 2369302 4890
511 2374193 31950
512 2406144 2212
513 2408357 13122
514 2421480 11002
515 2432483 7142
516 2439626 3593
517 2443220 12512
518 2455733 4395
519 2460129 2911
520 2463041 8411
521 2471453 2656
522 2474110 3239
523 2477350 2228
524 2479579 4374
525 2483954 16372
526 2500327 2284
527 2502612 4251
528 2506864 7246
529 2514111 4328
530 2518440 1941
531 2520382 5585
532 2525968 21751
533 2547720 2277
534 2549998 1902
535 2551901 2407
536 2554309 2770
537 2557080 18551
538 2575632 4265
539 2579898 6534
540 2586433 9849
541 2596283 4650
542 2600934 4445
543 2605380 3796
544 2609177 1899
545 2611077 6730
546 2617808 2694
547 2620503 5021
548 2625525 3281
549 2628807 7158
550 2635966 3570
551 2639537 4863
552 2644401 7011
553 2651413 4595
554 2656009 5668
555 2661678 4354
556 2666033 2178
557 2668212 22487
558 2690700 4630
559 2695331 3784
560 2699116 13512
561 2712629 2036
562 2714666 2039
563 2716706 2147
564 2718854 2956
565 2721811 1698
566 2723510 19524
567 2743035 4481
568 2747517 3792
569 2751310 4711
570 2756022 2676
571 2758699 2462
572 2761162 2230
573 2763393 2950
574 2766344 2378
575 2768723 2973
576 2771697 22837
577 2794535 4504
578 2799040 7291
579 2806332 2248
580 2808581 4069
581 2812651 1979
582 2814631 2005
583 2816637 3777
584 2820415 6134
585 2826550 5813
586 2832364 4369
587 2836734 4701
588 2841436 5303
589 2846740 3826
590 2850567 4797
591 2855365 4533
592 2859899 24598
593 2884498 2232
594 2886731 4119
595 2890851 4119
596 2894971 4633
597 2899605 2635
598 2902241 2245
599 2904487 2435
600 2906923 2435
601 2909359 2840
602 2912200 16727
603 2928928 4463
604 2933392 4483
605 2937876 2083
606 2939960 8329
607 2948290 2390
608 2950681 2889
609 2953571 2803
610 2956375 2863
611 2959239 20549
612 2979789 5407
613 2985197 4152
614 2989350 10105
615 2999456 10878
616 3010335 2288
617 3012624 4542
618 3017167 2874
619 3020042 5201
620 3025244 4020
621 3029265 6580
622 3035846 6788
623 3042635 3449
624 3046085 4200
625 3050286 3156
626 3053443 4759
627 3058203 1937
628 3060141 5105
629 3065247 23849
630 3089097 2187
631 3091285 3991
632 3095277 4260
633 3099538 164
634 3099703 2420
635 3102124 15610
636 3117735 2261
637 3119997 3138
638 3123136 4176
639 3127313 2673
640 3129987 2476
641 3132464 21470
642 3153935 4177
643 3158113 16478
644 3174592 4034
645 3178627 2246
646 3180874 4252
647 3185127 17097
648 3202225 4575
649 3206801 2100
650 3208902 12963
651 3221866 9732
652 3231599 5261
653 3236861 5566
654 3242428 2974
655 3245403 4253
656 3249657 9000
657 3258658 5609
658 3264268 5132
659 3269401 7105
660 3276507 6840
661 3283348 6651
662 3290000 5173
663 3295174 29395
664 3324570 3275
665 3327846 3938
666 3331785 5519
667 3337305 2650
668 3339956 7602
669 3347559 1924
670 3349484 2301
671 3351786 3002
672 3354789 4389
673 3359179 3044
674 3362224 2663
675 3364888 3817
676 3368706 2934
677 3371641 21267
678 3392909 5675
679 3398585 7427
680 3406013 4161
681 3410175 4630
682 3414806 1925
683 3416732 6210
684 3422943 2862
685 3425806 2488
686 3428295 2210
687 3430506 3068
688 3433575 13785
689 3447361 4233
690 3451595 4640
691 3456236 1837
692 3458074 4483
693 3462558 5597
694 3468156 2274
695 3470431 2416
696 3472848 4619
697 3477468 3560
698 3481029 9084
699 3490114 7490
700 3497605 4119
701 3501725 5259
702 3506985 2991
703 3509977 15976
704 3525954 4997
705 3530952 6003
706 3536956 4374
707 3541331 2257
708 3543589 2679
709 3546269 2011
1539 8276340 3142
1540 8279483 6745
1541 8286229 3282
1542 8289512 4731
1543 8294244 5658
1544 8299903 7531
1545 8307435 7768
1546 8315204 5312
1547 8320517 7405
1548 8327923 4420
1549 8332344 3469
1550 8335814 4397
1551 8340212 745
1552 8340958 1059
1553 8342018 2902
1554 8344921 4374
1555 8349296 9642
1556 8358939 2154
1557 8361094 3129
1558 8364224 2064
1559 8366289 2245
1560 8368535 27006
1561 8395542 1858
1562 8397401 1738
1563 8399140 5338
1564 8404479 5428
1565 8409908 2465
1566 8412374 3376
1567 8415751 4740
1568 8420492 3691
1569 8424184 3344
1570 8427529 15452
1571 8442982 4108
1572 8447091 3561
1573 8450653 10121
1574 8460775 1646
1575 8462422 1467
1576 8463890 5832
1577 8469723 10924
1578 8480648 5218
1579 8485867 3820
1580 8489688 2163
1581 8491852 1274
1582 8493127 632
1583 8493760 1498
1584 8495259 4617
1585 8499877 2703
1586 8502581 1919
1587 8504501 8759
1588 8513261 6239
1589 8519501 5159
1590 8524661 1940
1591 8526602 6442
1592 8533045 2936
1593 8535982 2906
1594 8538889 7478
1595 8546368 1664
1596 8548033 2084
1597 8550118 2559
1598 8552678 1666
1599 8554345 1568
1600 8555914 10885
1601 8566800 7582
1602 8574383 3348
1603 8577732 3005
1604 8580738 1867
1605 8582606 5542
1606 8588149 8153
1607 8596303 3175
1608 8599479 545
1609 8600025 3624
1610 8603650 5091
1611 8608742 6877
1612 8615620 889
1613 8616510 2331
1614 8618842 4336
1615 8623179 3520
1616 8626700 2873
1617 8629574 5594
1618 8635169 5056
1619 8640226 7322
1620 8647549 1092
1621 8648642 3907
1622 8652550 1315
1623 8653866 7315
1624 8661182 3261
1625 8664444 4350
1626 8668795 4844
1627 8673640 2313
1628 8675954 6047
1629 8682002 2247
1630 8684250 1676
1631 8685927 15280
1632 8701208 9265
1633 8710474 5361
1634 8715836 1339
1635 8717176 5664
1636 8722841 1361
1637 8724203 6532
1638 8730736 4601
1639 8735338 4577
1640 8739916 9736
1641 8749653 1699
1642 8751353 3445
1643 8754799 15674
1644 8770474 9565
1645 8780040 3877
1646 8783918 7864
1647 8791783 13747
1648 8805531 3765
1649 8809297 14059
1650 8823357 5367
1651 8828725 9618
1652 8838344 1985
1653 8840330 1819
1654 8842150 2611
1655 8844762 3153
1656 8847916 9504
1657 8857421 3428
1658 8860850 8344
1659 8869195 2103
1660 8871299 1692
1661 8872992 1031
1662 8874024 1444
1663 8875469 1021
1664 8876491 1334
1665 8877826 5326
1666 8883153 4958
1667 8888112 2117
1668 8890230 1704
1669 8891935 3982
1670 8895918 2285
1671 8898204 2222
1672 8900427 7636
1673 8908064 1281
1674 8909346 1440
1675 8910787 4245
1676 8915033 1229
1677 8916263 1197
1678 8917461 1374
1679 8918836 1651
1680 8920488 5149
1681 8925638 2488
1682 8928127 1338
1683 8929466 3147
1684 8932614 10894
1685 8943509 3794
1686 8947304 9541
1687 8956846 3750
1688 8960597 1531
1689 8962129 2078
1690 8964208 6997
1691 8971206 1829
1692 8973036 7327
1693 8980364 3351
1694 8983716 1884
1695 8985601 12852
1696 8998454 5216
1697 9003671 4641
1698 9008313 1340
1699 9009654 2438
1700 9012093 2285
1701 9014379 2117
1702 9016497 3570
1703 9020068 1344
1704 9021413 11009
1705 9032423 1133
1706 9033557 635
1707 9034193 4723
1708 9038917 2004
1709 9040922 1258
1710 9042181 865
1711 9043047 7376
1712 9050424 3079
1713 9053504 1858
1714 9055363 2841
1715 9058205 934
1716 9059140 1284
1717 9060425 1319
1718 9061745 491
1719 9062237 3935
1720 9066173 4584
1721 9070758 4921
1722 9075680 3208
1723 9078889 2174
1724 9081064 823
1725 9081888 749
1726 9082638 1208
1727 9083847 5648
1728 9089496 1554
1729 9091051 731
1730 9091783 1648
1731 9093432 12942
1732 9106375 517
1733 9106893 1805
1734 9108699 2435
1735 9111135 2286
1736 9113422 2651
1737 9116074 1613
1738 9117688 585
1739 9118274 2124
1740 9120399 2160
1741 9122560 2164
1742 9124725 2287
1743 9127013 2099
1744 9129113 445
1745 9129559 2392
1746 9131952 1197
1747 9133150 3065
1748 9136216 1523
1749 9137740 670
1750 9138411 1008
1751 9139420 4283
1752 9143704 5427
1753 9149132 2983
1754 9152116 2715
1755 9154832 3708
1756 9158541 2090
1757 9160632 3974
1758 9164607 13105
1759 9177713 2481
1760 9180195 1885
1761 9182081 3589
1762 9185671 3832
1763 9189504 3842
1764 9193347 1863
1765 9195211 5405
1766 9200617 6843
1767 9207461 2475
1768 9209937 4549
1769 9214487 6943
1770 9221431 1470
1771 9222902 2451
1772 9225354 2640
1773 9227995 781
1774 9228777 5328
1775 9234106 236
1776 9234343 805
1777 9235149 3544
1778 9238694 5893
1779 9244588 1205
1780 9245794 1352
1781 9247147 3654
1782 9250802 4550
1783 9255353 2354
1784 9257708 2170
1785 9259879 3744
1786 9263624 4028
1787 9267653 896
1788 9268550 2905
1789 9271456 1107
1790 9272564 1751
1791 9274316 1970
1792 9276287 3094
1793 9279382 7111
1794 9286494 8580
1795 9295075 3934
1796 9299010 3965
1797 9302976 4595
1798 9307572 3871
1799 9311444 4598
1800 9316043 1125
1801 9317169 4184
1802 9321354 2676
1803 9324031 1684
1804 9325716 1046
1805 9326763 4008
1806 9330772 3844
1807 9334617 2858
1808 9337476 1258
1809 9338735 3134
1810 9341870 7659
1811 9349530 19042
1812 9368573 2165
1813 9370739 3753
1814 9374493 1615
1815 9376109 4221
1816 9380331 5089
1817 9385421 8822
1818 9394244 3112
1819 9397357 13345
1820 9410703 3713
1821 9414417 153
1822 9414571 6343
1823 9420915 8679
1824 9429595 5736
1825 9435332 2135
1826 9437468 4943
1827 9442412 1182
1828 9443595 3832
1829 9447428 6333
1830 9453762 1633
1831 9455396 3408
1832 9458805 2774
1833 9461580 6261
1834 9467842 5364
1835 9473207 1775
1836 9474983 6723
1837 9481707 3642
1838 9485350 10403
1839 9495754 6949
1840 9502704 4531
1841 9507236 3493
1842 9510730 6421
1843 9517152 9607
1844 9526760 1561
1845 9528322 2746
1846 9531069 2369
1847 9533439 4528
1848 9537968 8682
1849 9546651 1554
1850 9548206 4784
1851 9552991 7359
1852 9560351 1252
1853 9561604 1030
1854 9562635 9032
1855 9571668 11221
1856 9582890 9206
1857 9592097 15961
1858 9608059 8708
1859 9616768 8400
1860 9625169 7335
1861 9632505 11246
1862 9643752 19459
1863 9663212 13509
1864 9676722 5437
1865 9682160 445
1866 9682606 785
1867 9683392 3149
1868 9686542 7295
1869 9693838 492
1870 9694331 1490
1871 9695822 3412
1872 9699235 2056
1873 9701292 9122
1874 9710415 7976
1875 9718392 8519
1876 9726912 4644
1877 9731557 2642
1878 9734200 4036
1879 9738237 5033
1880 9743271 7105
1881 9750377 3360
1882 9753738 2787
1883 9756526 632
1884 9757159 1005
1885 9758165 1593
1886 9759759 6631
1887 9766391 1301
1888 9767693 11404
1889 9779098 6301
1890 9785400 4392
1891 9789793 25759
1892 9815553 3703
1893 9819257 5096
1894 9824354 8359
1895 9832714 9726
1896 9842441 4586
1897 9847028 6326
1898 9853355 9552
1899 9862908 12800
1900 9875709 4645
1901 9880355 10913
1902 9891269 6227
1903 9897497 5064
1904 9902562 1710
1905 9904273 3769
1906 9908043 4720
1907 9912764 3663
1908 9916428 10671
1909 9927100 9869
1910 9936970 6803
1911 9943774 6064
1912 9949839 6542
1913 9956382 5760
1914 9962143 4053
1915 9966197 3862
1916 9970060 3458
1917 9973519 3797
1918 9977317 3287
1919 9980605 12231
1920 9992837 12798
1921 10005636 4184
1922 10009821 2816
1923 10012638 5527
1924 10018166 15873
1925 10034040 4248
1926 10038289 672
1927 10038962 1157
1928 10040120 4365
1929 10044486 4339
1930 10048826 2044
1931 10050871 12993
1932 10063865 6662
1933 10070528 8789
1934 10079318 7702
1935 10087021 10653
1936 10097675 169
1937 10097845 6960
1938 10104806 8903
1939 10113710 2297
1940 10116008 8119
1941 10124128 8251
1942 10132380 3852
1943 10136233 5712
1944 10141946 10223
1945 10152170 2502
1946 10154673 13699
1947 10168373 4642
1948 10173016 484
1949 10173501 1488
1950 10174990 3043
1951 10178034 5095
1952 10183130 7788
1953 10190919 5282
1954 10196202 10971
1955 10207174 1796
1956 10208971 7231
1957 10216203 3652
1958 10219856 7890
1959 10227747 442
1960 10228190 5177
1961 10233368 2458
1962 10235827 3045
1963 10238873 3843
1964 10242717 713
1965 10243431 835
1966 10244267 5636
1967 10249904 1446
1968 10251351 2102
1969 10253454 2582
1970 10256037 3630
1971 10259668 3234
1972 10262903 2050
1973 10264954 4790
1974 10269745 10106
1975 10279852 551
1976 10280404 3128
1977 10283533 3417
1978 10286951 5278
1979 10292230 3727
1980 10295958 6212
1981 10302171 9820
1982 10311992 2039
1983 10314032 1595
1984 10315628 3087
1985 10318716 5544
1986 10324261 3632
1987 10327894 1946
1988 10329841 4358
1989 10334200 1328
1990 10335529 9417
1991 10344947 4540
1992 10349488 2545
1993 10352034 3539
1994 10355574 1767
1995 10357342 1447
1996 10358790 1469
1997 10360260 4680
1998 10364941 2855
1999 10367797 8523
2000 10376321 7739
2001 10384061 5270
2002 10389332 3005
2003 10392338 7088
2004 10399427 1158
2005 10400586 2765
2006 10403352 2552
2007 10405905 1912
2008 10407818 2281
2009 10410100 488
2010 10410589 5845
2011 10416435 481
2012 10416917 2037
2013 10418955 6589
2014 10425545 5844
2015 10431390 2482
2016 10433873 3036
2017 10436910 8903
2018 10445814 3578
2019 10449393 3855
2020 10453249 3002
2021 10456252 8918
2022 10465171 4002
2023 10469174 3355
2024 10472530 3600
2025 10476131 1429
2026 10477561 4444
2027 10482006 984
2028 10482991 1738
2029 10484730 5558
2030 10490289 2057
2031 10492347 1758
2032 10494106 15816
2033 10509923 5895
2034 10515819 2216
2035 10518036 2580
2036 10520617 5365
2037 10525983 3884
2038 10529868 13733
2039 10543602 3788
2040 10547391 1811
2041 10549203 3601
2042 10552805 6556
2043 10559362 2923
2044 10562286 527
2045 10562814 4650
2046 10567465 4518
2047 10571984 2672
2048 10574657 4705
2049 10579363 2120
2050 10581484 702
2051 10582187 8036
2052 10590224 11500
2053 10601725 1998
2054 10603724 3558
2055 10607283 5120
2056 10612404 5285
2057 10617690 5113
2058 10622804 6291
2059 10629096 984
2060 10630081 7149
2061 10637231 2894
2062 10640126 9486
2063 10649613 4170
2064 10653784 6375
2065 10660160 2836
2066 10662997 1545
2067 10664543 2872
2068 10667416 3352
2069 10670769 1723
2070 10672493 5505
2071 10677999 9023
2072 10687023 138
2073 10687162 2244
2074 10689407 8371
2075 10697779 6749
2076 10704529 6411
2077 10710941 3640
2078 10714582 3333
2079 10717916 2839
2080 10720756 3365
2081 10724122 421
2082 10724544 2119
2083 10726664 3877
2084 10730542 3566
2085 10734109 2861
2086 10736971 3530
2087 10740502 2647
2088 10743150 6512
2089 10749663 9373
2090 10759037 8390
2091 10767428 10477
2092 10777906 9644
2093 10787551 10226
2094 10797778 7908
2095 10805687 5424
2096 10811112 6194
2097 10817307 7443
2098 10824751 3501
2099 10828253 3940
2100 10832194 2321
2101 10834516 1508
2102 10836025 1613
2103 10837639 3102
2104 10840742 3464
2105 10844207 7550
2109 10851758 4544
2110 10856303 3434
2111 10859738 11554
2112 10871293 5102
2113 10876396 6591
2114 10882988 4756
2115 10887745 1021
2116 10888767 4117
2117 10892885 3608
2118 10896494 3393
2119 10899888 4262
2120 10904151 4855
2121 10909007 4508
2122 10913516 7936
2123 10921453 2196
2124 10923650 5488
2125 10929139 4328
2126 10933468 6482
2127 10939951 4740
2128 10944692 2118
2129 10946811 2094
2130 10948906 1444
2131 10950351 3264
2132 10953616 4546
2133 10958163 4085
2134 10962249 6186
2135 10968436 8528
2136 10976965 1804
2137 10978770 5731
2138 10984502 7225
2139 10991728 1236
2140 10992965 3371
2141 10996337 4058
2142 11000396 1577
2143 11001974 7245
2144 11009220 2705
2145 11011926 10090
2146 11022017 4243
2147 11026261 5755
2148 11032017 765
2149 11032783 3707
2150 11036491 1926
2151 11038418 2640
2152 11041059 2708
2153 11043768 1880
2154 11045649 2399
2155 11048049 7125
2156 11055175 1517
2157 11056693 1108
2166 11057802 751
2167 11058554 1083
2168 11059638 8043
2169 11067682 5509
2170 11073192 1283
2171 11074476 1967
2172 11076444 4718
2173 11081163 6748
2174 11087912 8149
2175 11096062 3879
2176 11099942 5453
2177 11105396 1207
2178 11106604 8819
2179 11115424 5979
2180 11121404 2023
2181 11123428 4418
2182 11127847 1905
2183 11129753 9267
2184 11139021 2363
2185 11141385 1231
2186 11142617 2884
2187 11145502 2118
2188 11147621 2975
2189 11150597 901
2190 11151499 3731
2191 11155231 2557
2192 11157789 1475
2193 11159265 3370
2194 11162636 1617
2195 11164254 6335
2196 11170590 2429
2197 11173020 2116
2198 11175137 5035
2199 11180173 8531
2200 11188705 5153
2201 11193859 1051
2202 11194911 1263
2203 11196175 1426
2204 11197602 2429
2205 11200032 2325
2206 11202358 1783
2207 11204142 3466
2208 11207609 2383
2209 11209993 3890
2210 11213884 3718
2211 11217603 400
2212 11218004 13350
2213 11231355 9567
2214 11240923 2425
2215 11243349 2047
2216 11245397 2395
2217 11247793 2619
2218 11250413 6346
2219 11256760 7961
2220 11264722 5193
2221 11269916 5911
2222 11275828 4523
2223 11280352 2459
2224 11282812 2447
2225 11285260 7378
2226 11292639 8475
2227 11301115 5369
2228 11306485 607
2229 11307093 2758
2230 11309852 3209
2231 11313062 1098
2232 11314161 1741
2233 11315903 1884
2234 11317788 600
2235 11318389 441
2236 11318831 564
2237 11319396 2536
2238 11321933 2478
2239 11324412 1881
2240 11326294 5733
2241 11332028 1996
2242 11334025 3784
2243 11337810 8097
2244 11345908 4151
2245 11350060 2347
2246 11352408 1537
2247 11353946 2972
2248 11356919 1739
2249 11358659 8270
2250 11366930 1659
2251 11368590 5067
2252 11373658 9753
2253 11383412 1614
2254 11385027 703
2255 11385731 688
2256 11386420 2882
2257 11389303 1832
2258 11391136 2273
2259 11393410 3144
2260 11396555 2854
2261 11399410 2917
2262 11402328 2969
2263 11405298 2399
2264 11407698 2430
2265 11410129 2499
2266 11412629 815
2267 11413445 1557
2268 11415003 5791
2269 11420795 2539
2270 11423335 1249
2271 11424585 2006
2272 11426592 1541
2273 11428134 2859
2274 11430994 5764
2275 11436759 1156
2276 11437916 2783
2277 11440700 1805
2278 11442506 1198
2279 11443705 1082
2280 11444788 1739
2281 11446528 5953
2282 11452482 1763
2283 11454246 3401
2284 11457648 1556
2285 11459205 574
2286 11459780 2665
2287 11462446 860
2288 11463307 5722
2289 11469030 5172
2290 11474203 1574
2291 11475778 725
2292 11476504 754
2293 11477259 2446
2294 11479706 5761
2295 11485468 3699
2296 11489168 3675
2297 11492844 3633
2299 11496478 3782
2300 11500261 3810
2304 11504072 3780
2305 11507853 3798
2306 11511652 3717
2307 11515370 3756
2308 11519127 3774
2309 11522902 3770
2310 11526673 3817
2312 11530491 590
2313 11531082 5777
2314 11536860 646
2315 11537507 2766
2316 11540274 2829
2317 11543104 1054
2318 11544159 1237
2319 11545397 7542
2320 11552940 1446
2321 11554387 2258
2322 11556646 2054
2323 11558701 1419
2324 11560121 945
2325 11561067 1664
2326 11562732 2584
2327 11565317 1870
2328 11567188 17001
2329 11584190 1508
2330 11585699 4809
2331 11590509 2070
2332 11592580 2781
2333 11595362 6241
2334 11601604 485
2335 11602090 3994
2336 11606085 2002
2337 11608088 1174
2338 11609263 4620
2339 11613884 811
2340 11614696 2079
2341 11616776 1857
2342 11618634 4144
2343 11622779 4657
2344 11627437 9199
2345 11636637 4092
2346 11640730 2668
2347 11643399 802
2348 11644202 767
2349 11644970 870
2350 11645841 1014
2351 11646856 1911
2352 11648768 1517
2353 11650286 2516
2354 11652803 1963
2355 11654767 3708
2356 11658476 898
2357 11659375 1163
2358 11660539 1882
2359 11662422 1394
2360 11663817 3767
2361 11667585 5674
2362 11673260 2196
2363 11675457 2858
2364 11678316 1460
2365 11679777 5706
2366 11685484 2614
2367 11688099 1243
2368 11689343 1221
2369 11690565 1290
2370 11691856 7911
2371 11699768 1668
2372 11701437 2786
2373 11704224 1198
2374 11705423 1386
2375 11706810 5080
2376 11711891 2997
2377 11714889 1252
2378 11716142 2744
2379 11718887 1399
2380 11720287 885
2381 11721173 2731
2382 11723905 1450
2383 11725356 863
2384 11726220 2956
2385 11729177 1178
2386 11730356 8735
2387 11739092 2564
2388 11741657 1580
2389 11743238 2190
2390 11745429 1946
2391 11747376 6209
2392 11753586 2034
2393 11755621 1522
2394 11757144 3103
2395 11760248 4015
2396 11764264 2639
2397 11766904 2838
2398 11769743 992
2399 11770736 1374
2400 11772111 5461
2401 11777573 1602
2402 11779176 3574
2403 11782751 2036
2404 11784788 5764
2405 11790553 6736
2406 11797290 1176
2407 11798467 1475
2408 11799943 312
2409 11800256 2154
2410 11802411 1697
2411 11804109 2901
2412 11807011 1175
2413 11808187 1915
2414 11810103 877
2415 11810981 1823
2416 11812805 2922
2417 11815728 6841
2418 11822570 2616
2419 11825187 1518
2420 11826706 1723
2421 11828430 1660
2422 11830091 915
2423 11831007 8914
2424 11839922 5565
2425 11845488 5623
2426 11851112 5440
2427 11856553 6697
2428 11863251 2028
2429 11865280 19411
2430 11884692 7635
2431 11892328 1774
2432 11894103 1192
2433 11895296 2990
2434 11898287 1812
2435 11900100 2647
2436 11902748 4129
2437 11906878 1367
2438 11908246 549
2439 11908796 6526
2440 11915323 2370
2441 11917694 1783
2442 11919478 3301
2443 11922780 1843
2444 11924624 13713
2445 11938338 496
2446 11938835 1594
2447 11940430 2985
2448 11943416 2322
2449 11945739 2786
2450 11948526 18328
2451 11966855 3193
2452 11970049 3696
2453 11973746 4209
2454 11977956 3566
2455 11981523 14566
2456 11996090 3013
2457 11999104 4781
2458 12003886 4064
2459 12007951 2582
2460 12010534 2683
2461 12013218 3529
2462 12016748 3427
2463 12020176 19756
2464 12039933 3959
2465 12043893 1213
2466 12045107 4133
2467 12049241 3635
2468 12052877 5308
2469 12058186 4280
2470 12062467 3754
2471 12066222 4332
2472 12070555 3029
2473 12073585 1649
2474 12075235 4264
2475 12079500 3696
2476 12083197 3136
2477 12086334 3955
2478 12090290 4117
2479 12094408 3501
2480 12097910 3603
2481 12101514 3763
2482 12105278 3962
2483 12109241 3429
2484 12112671 4270
2485 12116942 10471
2486 12127414 3723
2487 12131138 4679
2488 12135818 3463
2489 12139282 3981
2490 12143264 4736
2491 12148001 4145
2492 12152147 3911
2493 12156059 3438
2494 12159498 2805
2495 12162304 3050
2496 12165355 3092
2497 12168448 4021
2498 12172470 3227
2499 12175698 19316
2500 12195015 4314
2501 12199330 3367
2502 12202698 1513
2503 12204212 3413
2504 12207626 3473
2505 12211100 19501
2506 12230602 4633
2507 12235236 1470
2508 12236707 3373
2509 12240081 4808
2510 12244890 4106
2511 12248997 3302
2512 12252300 1186
2513 12253487 3413
2514 12256901 5405
2515 12262307 3735
2516 12266043 5025
2517 12271069 3131
2518 12274201 3247
2519 12277449 3596
2520 12281046 3688
2521 12284735 3440
2522 12288176 2694
2523 12290871 3196
2524 12294068 3604
2525 12297673 3153
2526 12300827 3510
2527 12304338 18899
2528 12323238 4476
2529 12327715 3741
2530 12331457 3581
2531 12335039 1554
2532 12336594 4289
2533 12340884 1198
2534 12342083 892
2535 12342976 2920
2536 12345897 4031
2537 12349929 3509
2538 12353439 2808
2539 12356248 3488
2540 12359737 2570
2541 12362308 1069
2542 12363378 4182
2543 12367561 19774
2544 12387336 3787
2545 12391124 4782
2546 12395907 3289
2547 12399197 4775
2548 12403973 3275
2549 12407249 3235
2550 12410485 3607
2551 12414093 1930
2552 12416024 3095
2553 12419120 2412
2554 12421533 7748
2555 12429282 2625
2556 12431908 1976
2557 12433885 6179
2558 12440065 4207
2559 12444273 4327
2560 12448601 3796
2561 12452398 6849
2562 12459248 3566
2563 12462815 3246
2564 12466062 4586
2565 12470649 5228
2566 12475878 4405
2567 12480284 3381
2568 12483666 4083
2569 12487750 1101
2570 12488852 7909
2571 12496762 4533
2572 12501296 4351
2573 12505648 4336
2574 12509985 4048
2575 12514034 5526
2576 12519561 7760
2577 12527322 2308
2578 12529631 2089
2579 12531721 2912
2580 12534634 2906
2581 12537541 4576
2582 12542118 5391
2583 12547510 3130
2584 12550641 4050
2585 12554692 5422
2586 12560115 4644
2587 12564760 5080
2588 12569841 2452
2589 12572294 2690
2590 12574985 2930
2591 12577916 8224
2592 12586141 1190
2593 12587332 732
2594 12588065 165
2595 12588231 4110
2596 12592342 3306
2597 12595649 1506
2598 12597156 9911
2599 12607068 3030
2600 12610099 8717
2601 12618817 3925
2602 12622743 5207
2603 12627951 4894
2604 12632846 8546
2605 12641393 4759
2606 12646153 3882
2607 12650036 483
2608 12650520 4648
2609 12655169 4356
2610 12659526 3776
2611 12663303 5787
2612 12669091 7179
2613 12676271 6431
2614 12682703 2535
2615 12685239 3322
2616 12688562 929
2617 12689492 22873
2618 12712366 18543
2619 12730910 2545
2620 12733456 8439
2621 12741896 1608
2622 12743505 2356
2623 12745862 7098
2624 12752961 3301
2625 12756263 10976
2626 12767240 2837
2627 12770078 3473
2628 12773552 3184
2629 12776737 4798
2630 12781536 7227
2631 12788764 6865
2632 12795630 6154
2633 12801785 1036
2634 12802822 2747
2635 12805570 3408
2636 12808979 1008
2637 12809988 2399
2638 12812388 1515
2639 12813904 6306
2640 12820211 13587
2641 12833799 2059
2642 12835859 12915
2643 12848775 6432
2644 12855208 2840
2645 12858049 4994
2646 12863044 1925
2647 12864970 9007
2648 12873978 6526
2649 12880505 2442
2650 12882948 6408
2651 12889357 719
2652 12890077 3186
2653 12893264 724
2654 12893989 6173
2655 12900163 6315
2656 12906479 5693
2657 12912173 10704
2658 12922878 3749
2659 12926628 1540
2660 12928169 2105
2661 12930275 9540
2662 12939816 4268
2663 12944085 6341
2664 12950427 3004
2665 12953432 6054
2666 12959487 6035
2667 12965523 1650
2668 12967174 6429
2669 12973604 3232
2670 12976837 6666
2671 12983504 8990
2672 12992495 1381
2673 12993877 2866
2674 12996744 1731
2675 12998476 3307
2676 13001784 5969
2677 13007754 6749
2678 13014504 6259
2679 13020764 6381
2680 13027146 9656
2681 13036803 9697
2682 13046501 1137
2683 13047639 670
2684 13048310 1103
2685 13049414 3753
2686 13053168 625
2687 13053794 5483
2688 13059278 1348
2689 13060627 2737
2690 13063365 2274
2691 13065640 5484
2692 13071125 12174
2693 13083300 2553
2694 13085854 26042
2695 13111897 3667
2696 13115565 3992
2697 13119558 12387
2698 13131946 4359
2699 13136306 3848
2700 13140155 14608
2701 13154764 12230
2702 13166995 3632
2703 13170628 1593
2704 13172222 9059
2705 13181282 1760
2706 13183043 669
2707 13183713 3188
2708 13186902 2814
2709 13189717 5777
2710 13195495 9575
2711 13205071 4000
2712 13209072 1091
2713 13210164 1742
2714 13211907 5457
2715 13217365 4554
2716 13221920 4500
2717 13226421 4351
2718 13230773 1816
2719 13232590 4327
2720 13236918 3632
2721 13240551 6121
2722 13246673 4148
2723 13250822 1063
2724 13251886 692
2725 13252579 8802
2726 13261382 3911
2727 13265294 6964
2728 13272259 1469
2729 13273729 2435
2730 13276165 1045
2731 13277211 983
2732 13278195 974
2733 13279170 5284
2734 13284455 10956
2735 13295412 705
2736 13296118 623
2737 13296742 3975
2738 13300718 10047
2739 13310766 1266
2740 13312033 3067
2741 13315101 809
2742 13315911 640
2743 13316552 584
2744 13317137 945
2745 13318083 683
2746 13318767 1710
2747 13320478 12256
2748 13332735 4284
2749 13337020 11149
2750 13348170 3568
2751 13351739 2099
2752 13353839 961
2753 13354801 5398
2754 13360200 1930
2755 13362131 1460
2756 13363592 1815
2757 13365408 1129
2758 13366538 1136
2759 13367675 6917
2760 13374593 3715
2761 13378309 981
2762 13379291 2431
2763 13381723 2190
2764 13383914 3181
2765 13387096 2546
2766 13389643 30001
2767 13419645 1055
2768 13420701 1705
2769 13422407 5068
2770 13427476 1209
2771 13428686 1609
2772 13430296 1690
2773 13431987 2369
2774 13434357 1637
2775 13435995 1541
2776 13437537 2598
2777 13440136 3181
2778 13443318 4623
2779 13447942 1743
2780 13449686 914
2781 13450601 1453
2782 13452055 2013
2783 13454069 1487
2784 13455557 1759
2785 13457317 1247
2786 13458565 1866
2787 13460432 1582
2788 13462015 819
2789 13462835 2677
2790 13465513 1834
2791 13467348 6114
2792 13473463 2688
2793 13476152 1363
2794 13477516 1165
2795 13478682 2647
2796 13481330 1416
2797 13482747 2276
2798 13485024 1427
2799 13486452 1299
2800 13487752 2151
2801 13489904 1480
2802 13491385 1675
2803 13493061 5179
2804 13498241 2547
2805 13500789 5569
2806 13506359 1635
2807 13507995 1257
2808 13509253 2930
2809 13512184 1562
2810 13513747 2750
2811 13516498 1254
2812 13517753 821
2813 13518575 1568
2814 13520144 3956
2815 13524101 3197
2816 13527299 2946
2817 13530246 3318
2818 13533565 2673
2819 13536239 1368
2820 13537608 1331
2821 13538940 845
2822 13539786 2126
2823 13541913 1588
2824 13543502 1051
2825 13544554 3285
2826 13547840 3162
2827 13551003 3739
2828 13554743 1715
2829 13556459 4833
2830 13561293 3825
2831 13565119 1728
2832 13566848 1746
2833 13568595 930
2834 13569526 1231
2835 13570758 946
2836 13571705 1123
2837 13572829 5047
2838 13577877 2242
2839 13580120 1816
2840 13581937 1090
2841 13583028 1253
2842 13584282 1199
2843 13585482 4144
2844 13589627 1467
2845 13591095 2650
2846 13593746 2102
2847 13595849 1060
2848 13596910 1795
2849 13598706 4960
2850 13603667 2299
2851 13605967 1261
2852 13607229 5483
2853 13612713 1206
2854 13613920 1922
2855 13615843 2630
2856 13618474 2386
2857 13620861 1182
2859 13622044 6786
2860 13628831 3135
2861 13631967 2562
2862 13634530 5210
2863 13639741 1883
2864 13641625 2538
2865 13644164 4743
2866 13648908 4696
2867 13653605 4455
2868 13658061 3056
2869 13661118 7663
2870 13668782 5781
2871 13674564 3497
2872 13678062 3312
2873 13681375 2334
2874 13683710 3463
2875 13687174 2143
2876 13689318 2008
2877 13691327 9157
2878 13700485 5378
2879 13705864 7494
2880 13713359 5410
2881 13718770 4828
2882 13723599 8236
2883 13731836 11921
2884 13743758 6301
2885 13750060 1402
2886 13751463 1827
2887 13753291 945
2888 13754237 5269
2889 13759507 2922
2890 13762430 640
2891 13763071 4160
2892 13767232 785
2893 13768018 3118
2894 13771137 703
2895 13771841 890
2896 13772732 4198
2897 13776931 3640
2898 13780572 1245
2899 13781818 1777
2900 13783596 1118
2901 13784715 1606
2902 13786322 848
2903 13787171 2468
2904 13789640 4354
2905 13793995 4652
2906 13798648 1080
2907 13799729 2212
2908 13801942 926
2909 13802869 1942
2910 13804812 863
2911 13805676 1163
2912 13806840 1453
2913 13808294 524
2914 13808819 3935
2915 13812755 1418
2916 13814174 4781
2917 13818956 2452
2918 13821409 2036
2919 13823446 2458
2920 13825905 2209
2921 13828115 3454
2922 13831570 1642
2923 13833213 1092
2924 13834306 2576
2925 13836883 1995
2926 13838879 1865
2927 13840745 4260
2928 13845006 14566
2929 13859573 2092
2930 13861666 6555
2931 13868222 13698
2932 13881921 9029
2933 13890951 3673
2934 13894625 4574
2935 13899200 3607
2936 13902808 5639
2937 13908448 1658
2938 13910107 9063
2939 13919171 3954
2940 13923126 1859
2941 13924986 9731
2942 13934718 6454
2943 13941173 2420
2944 13943594 4496
2945 13948091 7518
2946 13955610 2053
2947 13957664 3672
2948 13961337 4280
2949 13965618 1053
2950 13966672 2181
2951 13968854 994
2952 13969849 1050
2953 13970900 6654
2954 13977555 2125
2955 13979681 1896
2956 13981578 6654
2957 13988233 6171
2958 13994405 3592
2959 13997998 595
2960 13998594 1801
2961 14000396 3045
2962 14003442 1222
2963 14004665 2265
2964 14006931 1077
2965 14008009 3444
2966 14011454 4076
2967 14015531 4292
2968 14019824 6252
2969 14026077 3719
2970 14029797 676
2971 14030474 4241
2972 14034716 4045
2973 14038762 501
2974 14039264 963
2975 14040228 1548
2976 14041777 3619
2977 14045397 3553
2978 14048951 4768
2979 14053720 2662
2980 14056383 2043
2981 14058427 3095
2982 14061523 766
2983 14062290 7146
2984 14069437 911
2985 14070349 3112
2986 14073462 2349
2987 14075812 2638
2988 14078451 3370
2989 14081822 2514
2990 14084337 4035
2991 14088373 2006
2992 14090380 1826
2993 14092207 4400
2994 14096608 1387
2995 14097996 4389
2996 14102386 3846
2997 14106233 5645
2998 14111879 6629
2999 14118509 4495
3000 14123005 1765
3001 14124771 1234
3002 14126006 2813
3003 14128820 6408
3004 14135229 2503
3005 14137733 3412
3006 14141146 2677
3007 14143824 2241
3008 14146066 10464
3009 14156531 728
3010 14157260 9080
3011 14166341 6778
3012 14173120 2169
3013 14175290 2485
3014 14177776 2355
3015 14180132 2334
3016 14182467 1311
3017 14183779 1100
3018 14184880 2910
3019 14187791 10136
3020 14197928 1241
3021 14199170 3933
3022 14203104 1089
3023 14204194 421
3024 14204616 10760
3025 14215377 1800
3026 14217178 3328
3027 14220507 3307
3028 14223815 3547
3029 14227363 9657
3030 14237021 2149
3031 14239171 1076
3032 14240248 745
3033 14240994 1019
3034 14242014 1797
3035 14243812 8486
3036 14252299 3420
3037 14255720 6310
3038 14262031 4779
3039 14266811 5575
3040 14272387 1671
3041 14274059 5325
3042 14279385 1656
3043 14281042 1675
3044 14282718 6767
3045 14289486 2749
3046 14292236 1461
3047 14293698 2031
3048 14295730 2545
3049 14298276 2542
3050 14300819 3745
3051 14304565 6319
3052 14310885 3547
3053 14314433 6824
3054 14321258 10146
3055 14331405 2142
3056 14333548 3639
3057 14337188 2300
3058 14339489 3672
3059 14343162 2911
3060 14346074 3738
3061 14349813 1586
3062 14351400 10103
3063 14361504 2108
3064 14363613 4951
3065 14368565 2384
3066 14370950 1478
3067 14372429 7922
3068 14380352 6759
3069 14387112 4417
3070 14391530 9582
3071 14401113 6377
3072 14407491 5702
3073 14413194 2842
3074 14416037 5647
3075 14421685 10415
3076 14432101 4280
3077 14436382 6130
3078 14442513 4604
3079 14447118 2241
3080 14449360 3396
3081 14452757 8871
3082 14461629 1772
3083 14463402 5707
3084 14469110 4014
3085 14473125 4019
3086 14477145 2577
3087 14479723 333
3088 14480057 1822
3089 14481880 7369
3090 14489250 4415
3091 14493666 2395
3092 14496062 1709
3093 14497772 3053
3094 14500826 3492
3095 14504319 2758
3096 14507078 5205
3097 14512284 1142
3098 14513427 1128
3099 14514556 3080
3100 14517637 7587
3101 14525225 7620
3102 14532846 1155
3103 14534002 6002
3104 14540005 1658
3105 14541664 2295
3106 14543960 4804
3107 14548765 1689
3108 14550455 3323
3109 14553779 1893
3110 14555673 1137
3111 14556811 2607
3112 14559419 636
3113 14560056 2766
3114 14562823 5176
3115 14568000 152
3116 14568153 1622
3117 14569776 2800
3118 14572577 4128
3119 14576706 1217
3120 14577924 1077
3121 14579002 1584
3122 14580587 1148
3123 14581736 1628
3124 14583365 790
3125 14584156 831
3126 14584988 3793
3127 14588782 796
3128 14589579 3080
3129 14592660 7811
3130 14600472 2513
3131 14602986 1472
3132 14604459 3127
3133 14607587 1124
3134 14608712 2665
3135 14611378 2317
3136 14613696 1312
3137 14615009 995
3138 14616005 3638
3139 14619644 3038
3140 14622683 1430
3141 14624114 8319
3142 14632434 1429
3143 14633864 2022
3144 14635887 922
3145 14636810 1632
3146 14638443 1591
3147 14640035 880
3148 14640916 2393
3149 14643310 9612
3150 14652923 3925
3151 14656849 3715
3152 14660565 1610
3153 14662176 2660
3154 14664837 2641
3155 14667479 473
3156 14667953 4109
3157 14672063 6031
3158 14678095 1697
3159 14679793 3552
3160 14683346 2414
3161 14685761 5982
3162 14691744 5739
3163 14697484 7725
3164 14705210 4898
3165 14710109 866
3166 14710976 1232
3167 14712209 1992
3168 14714202 4024
3169 14718227 3453
3170 14721681 565
3171 14722247 4018
3172 14726266 2869
3173 14729136 2812
3174 14731949 3464
3175 14735414 5571
3176 14740986 4606
3177 14745593 5053
3178 14750647 2666
3179 14753314 9127
3180 14762442 9365
3181 14771808 5507
3182 14777316 1982
3183 14779299 7314
3184 14786614 1953
3185 14788568 3447
3186 14792016 3693
3187 14795710 2567
3188 14798278 8325
3189 14806604 1267
3190 14807872 1843
3191 14809716 3047
3192 14812764 4519
3193 14817284 1984
3194 14819269 1160
3195 14820430 1180
3196 14821611 5248
3197 14826860 2742
3198 14829603 3975
3199 14833579 1097
3200 14834677 1983
3201 14836661 2105
3202 14838767 1298
3203 14840066 2853
3204 14842920 1545
3205 14844466 7280
3206 14851747 5257
3207 14857005 698
3208 14857704 493
3209 14858198 822
